A,B,C,D,E,Multi0,203,284,594,561,552203,0,101,409,397,418284,101,0,313,298,321594,409,313,0,100,204561,397,298,100,0,106552,418,321,204,106,0
